gomaxprocs=12
requests=3445
failures=0
elapsed=1.000230556s
requestsPerSecond=3444.21
p50=269.735µs
p95=420.621µs
p99=586.849µs
p999=1.457986ms
min=159.112µs
max=3.682086ms
p50Nanos=269735
p95Nanos=420621
p99Nanos=586849
p999Nanos=1457986
minNanos=159112
maxNanos=3682086
