gomaxprocs=12
requests=278
failures=0
elapsed=1.036058099s
requestsPerSecond=268.32
p50=44.059965ms
p95=48.066054ms
p99=48.168884ms
p999=48.544572ms
min=1.434922ms
max=48.544572ms
p50Nanos=44059965
p95Nanos=48066054
p99Nanos=48168884
p999Nanos=48544572
minNanos=1434922
maxNanos=48544572
