gomaxprocs=12
requests=26218
failures=0
elapsed=1.000468491s
requestsPerSecond=26205.72
p50=379.611µs
p95=987.768µs
p99=2.057653ms
p999=5.152024ms
min=46.777µs
max=5.791678ms
p50Nanos=379611
p95Nanos=987768
p99Nanos=2057653
p999Nanos=5152024
minNanos=46777
maxNanos=5791678
