gomaxprocs=12
requests=22
failures=0
elapsed=1.02162673s
requestsPerSecond=21.53
p50=47.607424ms
p95=50.015087ms
p99=50.020145ms
p999=50.020145ms
min=41.982176ms
max=50.020145ms
p50Nanos=47607424
p95Nanos=50015087
p99Nanos=50020145
p999Nanos=50020145
minNanos=41982176
maxNanos=50020145
