gomaxprocs=12
requests=10954
failures=0
elapsed=2.000129965s
requestsPerSecond=5476.64
p50=174.07µs
p95=251.139µs
p99=325.894µs
p999=641.273µs
min=104.549µs
max=1.763613ms
