gomaxprocs=12
requests=73510
failures=0
elapsed=5.002869263s
requestsPerSecond=14693.57
p50=470.437µs
p95=2.526703ms
p99=7.013506ms
p999=18.830793ms
min=42.154µs
max=40.192694ms
p50Nanos=470437
p95Nanos=2526703
p99Nanos=7013506
p999Nanos=18830793
minNanos=42154
maxNanos=40192694
