gomaxprocs=12
requests=15536
failures=0
elapsed=5.01052291s
requestsPerSecond=3100.67
p50=262.393µs
p95=568.719µs
p99=1.657433ms
p999=6.064724ms
min=37.399µs
max=25.507656ms
p50Nanos=262393
p95Nanos=568719
p99Nanos=1657433
p999Nanos=6064724
minNanos=37399
maxNanos=25507656
