gomaxprocs=12
requests=247577
failures=0
elapsed=5.003535677s
requestsPerSecond=49480.41
p50=661.49µs
p95=2.904582ms
p99=5.489134ms
p999=12.400449ms
min=43.945µs
max=26.964205ms
p50Nanos=661490
p95Nanos=2904582
p99Nanos=5489134
p999Nanos=12400449
minNanos=43945
maxNanos=26964205
