gomaxprocs=12
requests=166177
failures=0
elapsed=5.006142238s
requestsPerSecond=33194.62
p50=3.379793ms
p95=20.984424ms
p99=31.290023ms
p999=46.791547ms
min=42.294µs
max=66.506396ms
p50Nanos=3379793
p95Nanos=20984424
p99Nanos=31290023
p999Nanos=46791547
minNanos=42294
maxNanos=66506396
