gomaxprocs=12
requests=137389
failures=0
elapsed=5.040552416s
requestsPerSecond=27256.73
p50=5.832403ms
p95=17.314565ms
p99=25.104983ms
p999=37.918136ms
min=131.08µs
max=60.681813ms
p50Nanos=5832403
p95Nanos=17314565
p99Nanos=25104983
p999Nanos=37918136
minNanos=131080
maxNanos=60681813
