gomaxprocs=12
requests=9633
failures=0
elapsed=5.00043523s
requestsPerSecond=1926.43
p50=496.445µs
p95=672.976µs
p99=910.745µs
p999=1.440317ms
min=353.05µs
max=3.397349ms
p50Nanos=496445
p95Nanos=672976
p99Nanos=910745
p999Nanos=1440317
minNanos=353050
maxNanos=3397349
