gomaxprocs=12
requests=357599
failures=0
elapsed=5.009934448s
requestsPerSecond=71377.98
p50=1.801268ms
p95=8.144417ms
p99=14.646946ms
p999=27.187861ms
min=48.059µs
max=40.215944ms
p50Nanos=1801268
p95Nanos=8144417
p99Nanos=14646946
p999Nanos=27187861
minNanos=48059
maxNanos=40215944
