gomaxprocs=12
requests=3345
failures=0
elapsed=1.000237921s
requestsPerSecond=3344.20
p50=228.908µs
p95=489.941µs
p99=1.218181ms
p999=8.979475ms
min=130.632µs
max=15.222797ms
p50Nanos=228908
p95Nanos=489941
p99Nanos=1218181
p999Nanos=8979475
minNanos=130632
maxNanos=15222797
