gomaxprocs=12
requests=16084
failures=0
elapsed=1.000563477s
requestsPerSecond=16074.94
p50=631.379µs
p95=1.651242ms
p99=2.99707ms
p999=5.432053ms
min=90.886µs
max=21.22789ms
p50Nanos=631379
p95Nanos=1651242
p99Nanos=2997070
p999Nanos=5432053
minNanos=90886
maxNanos=21227890
