gomaxprocs=12
requests=382572
failures=0
elapsed=5.00428718s
requestsPerSecond=76448.85
p50=1.729821ms
p95=7.627543ms
p99=12.142188ms
p999=18.569058ms
min=48.462µs
max=38.85711ms
p50Nanos=1729821
p95Nanos=7627543
p99Nanos=12142188
p999Nanos=18569058
minNanos=48462
maxNanos=38857110
