gomaxprocs=12
requests=107921
failures=0
elapsed=5.00138038s
requestsPerSecond=21578.24
p50=488.523µs
p95=1.072828ms
p99=1.926798ms
p999=3.8828ms
min=141.031µs
max=10.839262ms
p50Nanos=488523
p95Nanos=1072828
p99Nanos=1926798
p999Nanos=3882800
minNanos=141031
maxNanos=10839262
