gomaxprocs=12
requests=121030
failures=0
elapsed=5.001775613s
requestsPerSecond=24197.41
p50=401.843µs
p95=1.183815ms
p99=2.068359ms
p999=4.848027ms
min=44.925µs
max=13.389509ms
p50Nanos=401843
p95Nanos=1183815
p99Nanos=2068359
p999Nanos=4848027
minNanos=44925
maxNanos=13389509
