gomaxprocs=12
requests=105063
failures=0
elapsed=5.000810714s
requestsPerSecond=21009.19
p50=255.128µs
p95=496.528µs
p99=886.912µs
p999=2.056914ms
min=65.981µs
max=7.133594ms
p50Nanos=255128
p95Nanos=496528
p99Nanos=886912
p999Nanos=2056914
minNanos=65981
maxNanos=7133594
