gomaxprocs=12
requests=175308
failures=0
elapsed=5.002734181s
requestsPerSecond=35042.44
p50=1.147869ms
p95=3.310084ms
p99=5.016859ms
p999=8.687707ms
min=125.168µs
max=17.215728ms
p50Nanos=1147869
p95Nanos=3310084
p99Nanos=5016859
p999Nanos=8687707
minNanos=125168
maxNanos=17215728
