gomaxprocs=12
requests=23422
failures=0
elapsed=5.000158205s
requestsPerSecond=4684.25
p50=201.649µs
p95=292.641µs
p99=363.906µs
p999=630.045µs
min=104.489µs
max=2.342698ms
p50Nanos=201649
p95Nanos=292641
p99Nanos=363906
p999Nanos=630045
minNanos=104489
maxNanos=2342698
