gomaxprocs=12
requests=139355
failures=0
elapsed=5.001642333s
requestsPerSecond=27861.85
p50=1.406665ms
p95=4.314414ms
p99=6.765363ms
p999=10.462228ms
min=129.144µs
max=17.219019ms
p50Nanos=1406665
p95Nanos=4314414
p99Nanos=6765363
p999Nanos=10462228
minNanos=129144
maxNanos=17219019
