gomaxprocs=12
requests=57774
failures=0
elapsed=5.001758378s
requestsPerSecond=11550.74
p50=3.669763ms
p95=8.940856ms
p99=14.074536ms
p999=26.216879ms
min=375.866µs
max=42.927378ms
p50Nanos=3669763
p95Nanos=8940856
p99Nanos=14074536
p999Nanos=26216879
minNanos=375866
maxNanos=42927378
