gomaxprocs=12
requests=56206
failures=0
elapsed=5.001423639s
requestsPerSecond=11238.00
p50=1.878683ms
p95=4.433052ms
p99=6.911004ms
p999=10.449334ms
min=364.678µs
max=18.007097ms
p50Nanos=1878683
p95Nanos=4433052
p99Nanos=6911004
p999Nanos=10449334
minNanos=364678
maxNanos=18007097
