gomaxprocs=12
requests=100000
failures=0
elapsed=22.431051536s
requestsPerSecond=4458.11
p50=189.817µs
p95=353.63µs
p99=754.46µs
p999=2.46132ms
min=38.787µs
max=6.641993ms
