gomaxprocs=12
requests=219981
failures=0
elapsed=5.002684088s
requestsPerSecond=43972.59
p50=577.358µs
p95=3.851248ms
p99=6.836334ms
p999=11.890185ms
min=42.435µs
max=19.868694ms
p50Nanos=577358
p95Nanos=3851248
p99Nanos=6836334
p999Nanos=11890185
minNanos=42435
maxNanos=19868694
