gomaxprocs=12
requests=275917
failures=0
elapsed=5.002539806s
requestsPerSecond=55155.38
p50=474.408µs
p95=2.814978ms
p99=4.981616ms
p999=11.916316ms
min=41.046µs
max=41.02823ms
p50Nanos=474408
p95Nanos=2814978
p99Nanos=4981616
p999Nanos=11916316
minNanos=41046
maxNanos=41028230
