gomaxprocs=12
requests=90963
failures=0
elapsed=5.012483255s
requestsPerSecond=18147.29
p50=3.17278ms
p95=38.63203ms
p99=62.006785ms
p999=96.35898ms
min=101.707µs
max=184.212457ms
p50Nanos=3172780
p95Nanos=38632030
p99Nanos=62006785
p999Nanos=96358980
minNanos=101707
maxNanos=184212457
