gomaxprocs=12
requests=19069
failures=0
elapsed=5.002398194s
requestsPerSecond=3811.97
p50=2.350515ms
p95=8.44681ms
p99=12.693576ms
p999=21.605577ms
min=307.548µs
max=29.940407ms
p50Nanos=2350515
p95Nanos=8446810
p99Nanos=12693576
p999Nanos=21605577
minNanos=307548
maxNanos=29940407
