gomaxprocs=12
requests=140463
failures=0
elapsed=5.002407959s
requestsPerSecond=28079.08
p50=1.019648ms
p95=5.487113ms
p99=8.867049ms
p999=12.829681ms
min=46.857µs
max=19.00661ms
p50Nanos=1019648
p95Nanos=5487113
p99Nanos=8867049
p999Nanos=12829681
minNanos=46857
maxNanos=19006610
