gomaxprocs=12
requests=18587
failures=0
elapsed=5.000597961s
requestsPerSecond=3716.96
p50=1.298264ms
p95=3.682209ms
p99=6.257264ms
p999=13.873995ms
min=273.662µs
max=25.816312ms
p50Nanos=1298264
p95Nanos=3682209
p99Nanos=6257264
p999Nanos=13873995
minNanos=273662
maxNanos=25816312
