gomaxprocs=12
requests=18847
failures=0
elapsed=5.0013676s
requestsPerSecond=3768.37
p50=2.560698ms
p95=7.686989ms
p99=12.143395ms
p999=20.835725ms
min=315.977µs
max=27.972315ms
p50Nanos=2560698
p95Nanos=7686989
p99Nanos=12143395
p999Nanos=20835725
minNanos=315977
maxNanos=27972315
