gomaxprocs=12
requests=175704
failures=0
elapsed=5.00205969s
requestsPerSecond=35126.33
p50=822.987µs
p95=4.160614ms
p99=7.211713ms
p999=12.232671ms
min=46.676µs
max=31.363729ms
p50Nanos=822987
p95Nanos=4160614
p99Nanos=7211713
p999Nanos=12232671
minNanos=46676
maxNanos=31363729
