gomaxprocs=12
requests=100000
failures=0
elapsed=17.599210281s
requestsPerSecond=5682.07
p50=167.76µs
p95=239.121µs
p99=309.755µs
p999=601.794µs
min=46.387µs
max=3.384802ms
