gomaxprocs=12
requests=100000
failures=0
elapsed=17.815191227s
requestsPerSecond=5613.19
p50=168.439µs
p95=246.793µs
p99=331.91µs
p999=714.139µs
min=45.842µs
max=4.694364ms
