gomaxprocs=12
requests=100000
failures=0
elapsed=20.933135743s
requestsPerSecond=4777.12
p50=186.06µs
p95=314.062µs
p99=537.61µs
p999=1.602143ms
min=49.677µs
max=10.445729ms
