gomaxprocs=12
requests=100000
failures=0
elapsed=2.867571743s
requestsPerSecond=34872.71
p50=281.814µs
p95=782.822µs
p99=1.457552ms
p999=2.81606ms
min=37.526µs
max=22.910084ms
