gomaxprocs=12
requests=100000
failures=0
elapsed=19.115086557s
requestsPerSecond=5231.47
p50=175.7µs
p95=274.244µs
p99=417.07µs
p999=1.168048ms
min=36.029µs
max=4.236472ms
