gomaxprocs=12
requests=3983
failures=0
elapsed=1.000036553s
requestsPerSecond=3982.85
p50=232.667µs
p95=358.968µs
p99=640.26µs
p999=1.025527ms
min=125.495µs
max=1.724456ms
p50Nanos=232667
p95Nanos=358968
p99Nanos=640260
p999Nanos=1025527
minNanos=125495
maxNanos=1724456
