gomaxprocs=12
requests=16198
failures=0
elapsed=1.004199493s
requestsPerSecond=16130.26
p50=632.252µs
p95=1.709353ms
p99=2.690488ms
p999=4.876963ms
min=105.526µs
max=7.123779ms
p50Nanos=632252
p95Nanos=1709353
p99Nanos=2690488
p999Nanos=4876963
minNanos=105526
maxNanos=7123779
