gomaxprocs=12
requests=32717
failures=0
elapsed=1.000886309s
requestsPerSecond=32688.03
p50=288.286µs
p95=877.084µs
p99=1.790195ms
p999=3.877491ms
min=40.731µs
max=11.691198ms
p50Nanos=288286
p95Nanos=877084
p99Nanos=1790195
p999Nanos=3877491
minNanos=40731
maxNanos=11691198
