gomaxprocs=12
requests=4933
failures=0
elapsed=1.000195381s
requestsPerSecond=4932.04
p50=193.28µs
p95=275.682µs
p99=358.709µs
p999=679.853µs
min=72.433µs
max=1.55595ms
p50Nanos=193280
p95Nanos=275682
p99Nanos=358709
p999Nanos=679853
minNanos=72433
maxNanos=1555950
