gomaxprocs=12
requests=100092
failures=0
elapsed=5.005157381s
requestsPerSecond=19997.77
p50=1.855142ms
p95=16.294781ms
p99=26.679263ms
p999=50.677689ms
min=88.802µs
max=78.6512ms
p50Nanos=1855142
p95Nanos=16294781
p99Nanos=26679263
p999Nanos=50677689
minNanos=88802
maxNanos=78651200
