requests=100000
failures=0
elapsed=3.668143915s
requestsPerSecond=27261.74
p50=2.113371ms
p95=8.819787ms
p99=19.874141ms
