gomaxprocs=12
requests=152565
failures=0
elapsed=5.001108952s
requestsPerSecond=30506.23
p50=321.168µs
p95=904.872µs
p99=1.689979ms
p999=4.151903ms
min=41.475µs
max=23.579408ms
p50Nanos=321168
p95Nanos=904872
p99Nanos=1689979
p999Nanos=4151903
minNanos=41475
maxNanos=23579408
