gomaxprocs=12
requests=18254
failures=0
elapsed=5.000141221s
requestsPerSecond=3650.70
p50=262.459µs
p95=353.166µs
p99=518.357µs
p999=1.126021ms
min=143.262µs
max=12.141081ms
p50Nanos=262459
p95Nanos=353166
p99Nanos=518357
p999Nanos=1126021
minNanos=143262
maxNanos=12141081
