gomaxprocs=12
requests=233967
failures=0
elapsed=5.002115494s
requestsPerSecond=46773.61
p50=371.123µs
p95=1.37084ms
p99=2.693423ms
p999=9.304396ms
min=39.362µs
max=35.024392ms
p50Nanos=371123
p95Nanos=1370840
p99Nanos=2693423
p999Nanos=9304396
minNanos=39362
maxNanos=35024392
