gomaxprocs=12
requests=133619
failures=0
elapsed=5.00195019s
requestsPerSecond=26713.38
p50=611.06µs
p95=2.380729ms
p99=6.196604ms
p999=17.724078ms
min=75.158µs
max=65.802454ms
p50Nanos=611060
p95Nanos=2380729
p99Nanos=6196604
p999Nanos=17724078
minNanos=75158
maxNanos=65802454
