gomaxprocs=12
requests=278127
failures=0
elapsed=5.001708625s
requestsPerSecond=55606.40
p50=563.019µs
p95=2.748753ms
p99=5.091678ms
p999=9.329803ms
min=40.296µs
max=20.993802ms
p50Nanos=563019
p95Nanos=2748753
p99Nanos=5091678
p999Nanos=9329803
minNanos=40296
maxNanos=20993802
