gomaxprocs=12
requests=159121
failures=0
elapsed=5.00312556s
requestsPerSecond=31804.32
p50=1.032093ms
p95=4.22848ms
p99=8.895563ms
p999=28.665587ms
min=69.3µs
max=41.897723ms
p50Nanos=1032093
p95Nanos=4228480
p99Nanos=8895563
p999Nanos=28665587
minNanos=69300
maxNanos=41897723
