gomaxprocs=12
requests=111316
failures=0
elapsed=5.004170651s
requestsPerSecond=22244.65
p50=3.877987ms
p95=9.87864ms
p99=14.143846ms
p999=22.993136ms
min=209.99µs
max=41.075618ms
p50Nanos=3877987
p95Nanos=9878640
p99Nanos=14143846
p999Nanos=22993136
minNanos=209990
maxNanos=41075618
