gomaxprocs=12
requests=125197
failures=0
elapsed=5.00677683s
requestsPerSecond=25005.51
p50=7.028634ms
p95=16.698187ms
p99=22.814514ms
p999=31.266712ms
min=206.83µs
max=39.763769ms
p50Nanos=7028634
p95Nanos=16698187
p99Nanos=22814514
p999Nanos=31266712
minNanos=206830
maxNanos=39763769
