gomaxprocs=12
requests=81704
failures=0
elapsed=5.003113882s
requestsPerSecond=16330.63
p50=2.309632ms
p95=7.708556ms
p99=12.253745ms
p999=21.412079ms
min=192.349µs
max=37.393201ms
p50Nanos=2309632
p95Nanos=7708556
p99Nanos=12253745
p999Nanos=21412079
minNanos=192349
maxNanos=37393201
