gomaxprocs=12
requests=12492
failures=0
elapsed=5.000228638s
requestsPerSecond=2498.29
p50=315.317µs
p95=818.338µs
p99=2.053417ms
p999=3.8976ms
min=53.027µs
max=11.383512ms
p50Nanos=315317
p95Nanos=818338
p99Nanos=2053417
p999Nanos=3897600
minNanos=53027
maxNanos=11383512
