gomaxprocs=12
requests=429958
failures=0
elapsed=5.008944419s
requestsPerSecond=85838.05
p50=1.566863ms
p95=6.749392ms
p99=9.844976ms
p999=14.531938ms
min=39.737µs
max=25.666293ms
p50Nanos=1566863
p95Nanos=6749392
p99Nanos=9844976
p999Nanos=14531938
minNanos=39737
maxNanos=25666293
