gomaxprocs=12
requests=332541
failures=0
elapsed=5.003218468s
requestsPerSecond=66465.42
p50=496.178µs
p95=2.156222ms
p99=3.905545ms
p999=8.469565ms
min=41.752µs
max=24.006075ms
p50Nanos=496178
p95Nanos=2156222
p99Nanos=3905545
p999Nanos=8469565
minNanos=41752
maxNanos=24006075
