gomaxprocs=12
requests=56119
failures=0
elapsed=5.001229033s
requestsPerSecond=11221.04
p50=780.104µs
p95=2.621642ms
p99=6.210169ms
p999=14.55207ms
min=198.667µs
max=58.961332ms
p50Nanos=780104
p95Nanos=2621642
p99Nanos=6210169
p999Nanos=14552070
minNanos=198667
maxNanos=58961332
