gomaxprocs=12
requests=13989
failures=0
elapsed=5.00032612s
requestsPerSecond=2797.62
p50=338.542µs
p95=472.096µs
p99=583.183µs
p999=1.04653ms
min=243.381µs
max=2.005252ms
p50Nanos=338542
p95Nanos=472096
p99Nanos=583183
p999Nanos=1046530
minNanos=243381
maxNanos=2005252
