gomaxprocs=12
requests=144363
failures=0
elapsed=5.005202674s
requestsPerSecond=28842.59
p50=333.622µs
p95=961.206µs
p99=1.942451ms
p999=4.781507ms
min=44.822µs
max=30.652082ms
p50Nanos=333622
p95Nanos=961206
p99Nanos=1942451
p999Nanos=4781507
minNanos=44822
maxNanos=30652082
