gomaxprocs=12
requests=14055
failures=0
elapsed=5.000134253s
requestsPerSecond=2810.92
p50=298.529µs
p95=675.434µs
p99=1.55892ms
p999=3.897309ms
min=50.272µs
max=7.934886ms
p50Nanos=298529
p95Nanos=675434
p99Nanos=1558920
p999Nanos=3897309
minNanos=50272
maxNanos=7934886
