gomaxprocs=12
requests=276846
failures=0
elapsed=5.003009294s
requestsPerSecond=55335.90
p50=2.702701ms
p95=9.45884ms
p99=13.449857ms
p999=18.934516ms
min=90.249µs
max=39.255198ms
p50Nanos=2702701
p95Nanos=9458840
p99Nanos=13449857
p999Nanos=18934516
minNanos=90249
maxNanos=39255198
