gomaxprocs=12
requests=15833
failures=0
elapsed=5.000179876s
requestsPerSecond=3166.49
p50=290.937µs
p95=437.38µs
p99=722.574µs
p999=2.206598ms
min=108.179µs
max=16.885492ms
p50Nanos=290937
p95Nanos=437380
p99Nanos=722574
p999Nanos=2206598
minNanos=108179
maxNanos=16885492
