gomaxprocs=12
requests=95227
failures=0
elapsed=5.00342989s
requestsPerSecond=19032.34
p50=275.695µs
p95=538.99µs
p99=1.089226ms
p999=3.93398ms
min=57.498µs
max=18.746313ms
p50Nanos=275695
p95Nanos=538990
p99Nanos=1089226
p999Nanos=3933980
minNanos=57498
maxNanos=18746313
