gomaxprocs=12
requests=15701
failures=0
elapsed=5.000322129s
requestsPerSecond=3140.00
p50=280.799µs
p95=484.424µs
p99=1.021732ms
p999=2.461088ms
min=100.164µs
max=4.433889ms
p50Nanos=280799
p95Nanos=484424
p99Nanos=1021732
p999Nanos=2461088
minNanos=100164
maxNanos=4433889
