gomaxprocs=12
requests=267042
failures=0
elapsed=5.002488283s
requestsPerSecond=53381.83
p50=586.976µs
p95=2.921752ms
p99=5.266466ms
p999=9.202672ms
min=37.444µs
max=14.192112ms
p50Nanos=586976
p95Nanos=2921752
p99Nanos=5266466
p999Nanos=9202672
minNanos=37444
maxNanos=14192112
