gomaxprocs=12
requests=451857
failures=0
elapsed=5.005779712s
requestsPerSecond=90267.06
p50=1.419554ms
p95=6.582799ms
p99=10.43459ms
p999=18.106269ms
min=42.257µs
max=43.889093ms
p50Nanos=1419554
p95Nanos=6582799
p99Nanos=10434590
p999Nanos=18106269
minNanos=42257
maxNanos=43889093
