gomaxprocs=12
requests=121957
failures=0
elapsed=5.009427892s
requestsPerSecond=24345.49
p50=7.232353ms
p95=17.280331ms
p99=24.415165ms
p999=31.470068ms
min=212.14µs
max=44.075601ms
p50Nanos=7232353
p95Nanos=17280331
p99Nanos=24415165
p999Nanos=31470068
minNanos=212140
maxNanos=44075601
