gomaxprocs=12
requests=418890
failures=0
elapsed=5.005632315s
requestsPerSecond=83683.73
p50=773.495µs
p95=3.481116ms
p99=5.866256ms
p999=13.86885ms
min=38.326µs
max=31.321802ms
p50Nanos=773495
p95Nanos=3481116
p99Nanos=5866256
p999Nanos=13868850
minNanos=38326
maxNanos=31321802
