gomaxprocs=12
requests=420829
failures=0
elapsed=5.003044052s
requestsPerSecond=84114.59
p50=788.1µs
p95=3.5284ms
p99=5.808653ms
p999=9.143364ms
min=38.342µs
max=19.961705ms
p50Nanos=788100
p95Nanos=3528400
p99Nanos=5808653
p999Nanos=9143364
minNanos=38342
maxNanos=19961705
