gomaxprocs=12
requests=208496
failures=0
elapsed=5.001229664s
requestsPerSecond=41688.95
p50=418.956µs
p95=1.668976ms
p99=3.389752ms
p999=6.604316ms
min=39.289µs
max=10.305607ms
p50Nanos=418956
p95Nanos=1668976
p99Nanos=3389752
p999Nanos=6604316
minNanos=39289
maxNanos=10305607
