gomaxprocs=12
requests=45222
failures=0
elapsed=5.016254153s
requestsPerSecond=9015.09
p50=487.66µs
p95=1.38296ms
p99=3.520928ms
p999=13.508792ms
min=205.159µs
max=48.303276ms
p50Nanos=487660
p95Nanos=1382960
p99Nanos=3520928
p999Nanos=13508792
minNanos=205159
maxNanos=48303276
