gomaxprocs=12
requests=58022
failures=0
elapsed=5.000543035s
requestsPerSecond=11603.14
p50=434.345µs
p95=922.655µs
p99=1.917093ms
p999=5.945404ms
min=199.435µs
max=18.266438ms
p50Nanos=434345
p95Nanos=922655
p99Nanos=1917093
p999Nanos=5945404
minNanos=199435
maxNanos=18266438
