gomaxprocs=12
requests=127638
failures=0
elapsed=5.001119642s
requestsPerSecond=25521.88
p50=395.486µs
p95=984.329µs
p99=1.779548ms
p999=4.124627ms
min=78.718µs
max=27.399744ms
p50Nanos=395486
p95Nanos=984329
p99Nanos=1779548
p999Nanos=4124627
minNanos=78718
maxNanos=27399744
