gomaxprocs=12
requests=225148
failures=0
elapsed=5.00177403s
requestsPerSecond=45013.63
p50=1.613988ms
p95=5.97637ms
p99=9.444326ms
p999=15.736825ms
min=89.73µs
max=26.51582ms
p50Nanos=1613988
p95Nanos=5976370
p99Nanos=9444326
p999Nanos=15736825
minNanos=89730
maxNanos=26515820
