gomaxprocs=12
requests=20366
failures=0
elapsed=5.000187966s
requestsPerSecond=4073.05
p50=231.552µs
p95=328.29µs
p99=415.356µs
p999=873.394µs
min=109.826µs
max=3.151429ms
p50Nanos=231552
p95Nanos=328290
p99Nanos=415356
p999Nanos=873394
minNanos=109826
maxNanos=3151429
