gomaxprocs=12
requests=120966
failures=0
elapsed=5.002727999s
requestsPerSecond=24180.01
p50=677.379µs
p95=2.893985ms
p99=6.174784ms
p999=12.797877ms
min=73.011µs
max=31.239134ms
p50Nanos=677379
p95Nanos=2893985
p99Nanos=6174784
p999Nanos=12797877
minNanos=73011
maxNanos=31239134
