gomaxprocs=12
requests=100159
failures=0
elapsed=5.001276218s
requestsPerSecond=20026.69
p50=999.581µs
p95=2.743999ms
p99=4.539738ms
p999=8.420479ms
min=177.694µs
max=16.313647ms
p50Nanos=999581
p95Nanos=2743999
p99Nanos=4539738
p999Nanos=8420479
minNanos=177694
maxNanos=16313647
