gomaxprocs=12
requests=101711
failures=0
elapsed=5.003542968s
requestsPerSecond=20327.80
p50=1.005159ms
p95=9.446312ms
p99=19.666476ms
p999=29.842379ms
min=40.029µs
max=57.787179ms
p50Nanos=1005159
p95Nanos=9446312
p99Nanos=19666476
p999Nanos=29842379
minNanos=40029
maxNanos=57787179
