gomaxprocs=12
requests=19599
failures=0
elapsed=5.000235096s
requestsPerSecond=3919.62
p50=224.942µs
p95=417.061µs
p99=863.939µs
p999=2.897089ms
min=52.72µs
max=8.561796ms
p50Nanos=224942
p95Nanos=417061
p99Nanos=863939
p999Nanos=2897089
minNanos=52720
maxNanos=8561796
