gomaxprocs=12
requests=17328
failures=0
elapsed=5.001607036s
requestsPerSecond=3464.49
p50=1.352078ms
p95=4.082409ms
p99=7.67397ms
p999=14.817737ms
min=307.138µs
max=26.52117ms
p50Nanos=1352078
p95Nanos=4082409
p99Nanos=7673970
p999Nanos=14817737
minNanos=307138
maxNanos=26521170
