gomaxprocs=12
requests=54788
failures=0
elapsed=5.026477966s
requestsPerSecond=10899.88
p50=5.120064ms
p95=28.909165ms
p99=43.389322ms
p999=60.878079ms
min=105.427µs
max=107.599064ms
p50Nanos=5120064
p95Nanos=28909165
p99Nanos=43389322
p999Nanos=60878079
minNanos=105427
maxNanos=107599064
