gomaxprocs=12
requests=20038
failures=0
elapsed=5.054017126s
requestsPerSecond=3964.77
p50=31.174589ms
p95=157.286601ms
p99=238.916942ms
p999=372.017759ms
min=314.535µs
max=527.812863ms
p50Nanos=31174589
p95Nanos=157286601
p99Nanos=238916942
p999Nanos=372017759
minNanos=314535
maxNanos=527812863
