gomaxprocs=12
requests=77785
failures=0
elapsed=5.001038854s
requestsPerSecond=15553.77
p50=726.008µs
p95=5.922019ms
p99=10.973251ms
p999=21.463074ms
min=47.417µs
max=38.32977ms
p50Nanos=726008
p95Nanos=5922019
p99Nanos=10973251
p999Nanos=21463074
minNanos=47417
maxNanos=38329770
