gomaxprocs=12
requests=62934
failures=0
elapsed=5.01244002s
requestsPerSecond=12555.56
p50=8.129812ms
p95=52.107701ms
p99=84.217674ms
p999=127.79155ms
min=108.842µs
max=187.848612ms
p50Nanos=8129812
p95Nanos=52107701
p99Nanos=84217674
p999Nanos=127791550
minNanos=108842
maxNanos=187848612
