gomaxprocs=12
requests=12399
failures=0
elapsed=5.000223133s
requestsPerSecond=2479.69
p50=336.83µs
p95=743.218µs
p99=1.534419ms
p999=4.717799ms
min=127.381µs
max=13.919858ms
p50Nanos=336830
p95Nanos=743218
p99Nanos=1534419
p999Nanos=4717799
minNanos=127381
maxNanos=13919858
