gomaxprocs=12
requests=18249
failures=0
elapsed=5.000677188s
requestsPerSecond=3649.31
p50=1.314122ms
p95=3.851608ms
p99=6.489921ms
p999=12.766602ms
min=297.755µs
max=20.049021ms
p50Nanos=1314122
p95Nanos=3851608
p99Nanos=6489921
p999Nanos=12766602
minNanos=297755
maxNanos=20049021
