gomaxprocs=12
requests=73763
failures=0
elapsed=2.000433901s
requestsPerSecond=36873.50
p50=282.658µs
p95=645.913µs
p99=1.166069ms
p999=2.315727ms
min=43.261µs
max=6.218736ms
