gomaxprocs=12
requests=235070
failures=0
elapsed=5.002394237s
requestsPerSecond=46991.50
p50=799.366µs
p95=2.718283ms
p99=4.299826ms
p999=7.005943ms
min=80.015µs
max=12.221764ms
p50Nanos=799366
p95Nanos=2718283
p99Nanos=4299826
p999Nanos=7005943
minNanos=80015
maxNanos=12221764
