gomaxprocs=12
requests=225026
failures=0
elapsed=5.001843277s
requestsPerSecond=44988.61
p50=1.515336ms
p95=6.299928ms
p99=10.006206ms
p999=17.727408ms
min=88.273µs
max=36.173405ms
p50Nanos=1515336
p95Nanos=6299928
p99Nanos=10006206
p999Nanos=17727408
minNanos=88273
maxNanos=36173405
