gomaxprocs=12
requests=435786
failures=0
elapsed=5.002346148s
requestsPerSecond=87116.32
p50=756.315µs
p95=3.432415ms
p99=5.497094ms
p999=8.859308ms
min=41.95µs
max=20.918654ms
p50Nanos=756315
p95Nanos=3432415
p99Nanos=5497094
p999Nanos=8859308
minNanos=41950
maxNanos=20918654
