gomaxprocs=12
requests=98000
failures=0
elapsed=5.000588195s
requestsPerSecond=19597.69
p50=277.025µs
p95=513.288µs
p99=955.324µs
p999=2.491979ms
min=54.366µs
max=6.794764ms
p50Nanos=277025
p95Nanos=513288
p99Nanos=955324
p999Nanos=2491979
minNanos=54366
maxNanos=6794764
