gomaxprocs=12
requests=50215
failures=0
elapsed=5.000780192s
requestsPerSecond=10041.43
p50=489.922µs
p95=1.167429ms
p99=2.368966ms
p999=5.68774ms
min=227.012µs
max=22.773791ms
p50Nanos=489922
p95Nanos=1167429
p99Nanos=2368966
p999Nanos=5687740
minNanos=227012
maxNanos=22773791
