gomaxprocs=12
requests=387335
failures=0
elapsed=5.002482326s
requestsPerSecond=77428.56
p50=832.02µs
p95=4.045314ms
p99=6.543379ms
p999=10.740924ms
min=41.236µs
max=37.224818ms
p50Nanos=832020
p95Nanos=4045314
p99Nanos=6543379
p999Nanos=10740924
minNanos=41236
maxNanos=37224818
