gomaxprocs=12
requests=137872
failures=0
elapsed=5.00120236s
requestsPerSecond=27567.77
p50=336.162µs
p95=1.061518ms
p99=2.406009ms
p999=5.423352ms
min=42.171µs
max=12.509182ms
p50Nanos=336162
p95Nanos=1061518
p99Nanos=2406009
p999Nanos=5423352
minNanos=42171
maxNanos=12509182
