gomaxprocs=12
requests=13461
failures=0
elapsed=5.000046097s
requestsPerSecond=2692.18
p50=333.734µs
p95=525.446µs
p99=848.97µs
p999=2.456489ms
min=245.961µs
max=6.177944ms
p50Nanos=333734
p95Nanos=525446
p99Nanos=848970
p999Nanos=2456489
minNanos=245961
maxNanos=6177944
