gomaxprocs=12
requests=119153
failures=0
elapsed=5.014154856s
requestsPerSecond=23763.33
p50=7.256008ms
p95=17.768564ms
p99=26.430358ms
p999=39.33517ms
min=223.004µs
max=54.108424ms
p50Nanos=7256008
p95Nanos=17768564
p99Nanos=26430358
p999Nanos=39335170
minNanos=223004
maxNanos=54108424
