gomaxprocs=12
requests=421822
failures=0
elapsed=5.003812653s
requestsPerSecond=84300.12
p50=777.595µs
p95=3.48002ms
p99=5.616903ms
p999=10.548894ms
min=42.264µs
max=30.045966ms
p50Nanos=777595
p95Nanos=3480020
p99Nanos=5616903
p999Nanos=10548894
minNanos=42264
maxNanos=30045966
