gomaxprocs=12
requests=86535
failures=0
elapsed=5.001509319s
requestsPerSecond=17301.78
p50=1.121128ms
p95=3.329521ms
p99=5.592263ms
p999=10.511067ms
min=188.615µs
max=20.348403ms
p50Nanos=1121128
p95Nanos=3329521
p99Nanos=5592263
p999Nanos=10511067
minNanos=188615
maxNanos=20348403
