gomaxprocs=12
requests=262943
failures=0
elapsed=5.003848655s
requestsPerSecond=52548.15
p50=2.741298ms
p95=10.357972ms
p99=15.449841ms
p999=23.589853ms
min=79.974µs
max=43.803809ms
p50Nanos=2741298
p95Nanos=10357972
p99Nanos=15449841
p999Nanos=23589853
minNanos=79974
maxNanos=43803809
