gomaxprocs=12
requests=19990
failures=0
elapsed=5.00016405s
requestsPerSecond=3997.87
p50=236.482µs
p95=334.875µs
p99=421.758µs
p999=845.684µs
min=61.448µs
max=3.494027ms
p50Nanos=236482
p95Nanos=334875
p99Nanos=421758
p999Nanos=845684
minNanos=61448
maxNanos=3494027
