gomaxprocs=12
requests=266621
failures=0
elapsed=5.001850673s
requestsPerSecond=53304.47
p50=580.753µs
p95=2.819527ms
p99=5.505578ms
p999=11.155357ms
min=38.926µs
max=33.766303ms
p50Nanos=580753
p95Nanos=2819527
p99Nanos=5505578
p999Nanos=11155357
minNanos=38926
maxNanos=33766303
