gomaxprocs=12
requests=88991
failures=0
elapsed=5.003341524s
requestsPerSecond=17786.31
p50=280.902µs
p95=681.568µs
p99=1.509481ms
p999=3.626367ms
min=48.985µs
max=7.921102ms
p50Nanos=280902
p95Nanos=681568
p99Nanos=1509481
p999Nanos=3626367
minNanos=48985
maxNanos=7921102
