gomaxprocs=12
requests=159911
failures=0
elapsed=5.002809737s
requestsPerSecond=31964.24
p50=1.955516ms
p95=9.475228ms
p99=17.332177ms
p999=37.502264ms
min=87.159µs
max=49.909189ms
p50Nanos=1955516
p95Nanos=9475228
p99Nanos=17332177
p999Nanos=37502264
minNanos=87159
maxNanos=49909189
