gomaxprocs=12
requests=79557
failures=0
elapsed=5.000438422s
requestsPerSecond=15910.00
p50=298.528µs
p95=812.049µs
p99=1.926846ms
p999=4.674344ms
min=48.654µs
max=13.172619ms
p50Nanos=298528
p95Nanos=812049
p99Nanos=1926846
p999Nanos=4674344
minNanos=48654
maxNanos=13172619
