gomaxprocs=12
requests=15663
failures=0
elapsed=5.000258405s
requestsPerSecond=3132.44
p50=283.312µs
p95=501.528µs
p99=973.355µs
p999=2.325572ms
min=114.673µs
max=4.524703ms
p50Nanos=283312
p95Nanos=501528
p99Nanos=973355
p999Nanos=2325572
minNanos=114673
maxNanos=4524703
