gomaxprocs=12
requests=75123
failures=0
elapsed=5.003505036s
requestsPerSecond=15014.08
p50=1.214799ms
p95=4.045204ms
p99=7.588045ms
p999=18.268798ms
min=195.135µs
max=57.094221ms
p50Nanos=1214799
p95Nanos=4045204
p99Nanos=7588045
p999Nanos=18268798
minNanos=195135
maxNanos=57094221
