gomaxprocs=12
requests=79450
failures=0
elapsed=5.000878412s
requestsPerSecond=15887.21
p50=325.449µs
p95=656.232µs
p99=1.380168ms
p999=4.150706ms
min=104.569µs
max=26.971489ms
p50Nanos=325449
p95Nanos=656232
p99Nanos=1380168
p999Nanos=4150706
minNanos=104569
maxNanos=26971489
