gomaxprocs=12
requests=438609
failures=0
elapsed=5.003158191s
requestsPerSecond=87666.43
p50=1.430797ms
p95=6.939583ms
p99=11.115042ms
p999=17.286748ms
min=43.453µs
max=41.867935ms
p50Nanos=1430797
p95Nanos=6939583
p99Nanos=11115042
p999Nanos=17286748
minNanos=43453
maxNanos=41867935
