gomaxprocs=12
requests=102043
failures=0
elapsed=5.001216711s
requestsPerSecond=20403.63
p50=268.719µs
p95=473.686µs
p99=921.515µs
p999=1.955611ms
min=57.798µs
max=4.13114ms
p50Nanos=268719
p95Nanos=473686
p99Nanos=921515
p999Nanos=1955611
minNanos=57798
maxNanos=4131140
