gomaxprocs=12
requests=317164
failures=0
elapsed=5.001710482s
requestsPerSecond=63411.11
p50=520.823µs
p95=2.298677ms
p99=3.963678ms
p999=7.268865ms
min=38.651µs
max=38.366699ms
p50Nanos=520823
p95Nanos=2298677
p99Nanos=3963678
p999Nanos=7268865
minNanos=38651
maxNanos=38366699
