gomaxprocs=12
requests=255743
failures=0
elapsed=5.002199279s
requestsPerSecond=51126.11
p50=2.832365ms
p95=10.410046ms
p99=15.777565ms
p999=31.018539ms
min=90.827µs
max=60.862239ms
p50Nanos=2832365
p95Nanos=10410046
p99Nanos=15777565
p999Nanos=31018539
minNanos=90827
maxNanos=60862239
