gomaxprocs=12
requests=268885
failures=0
elapsed=5.001782798s
requestsPerSecond=53757.83
p50=347.039µs
p95=1.215215ms
p99=2.087368ms
p999=4.133905ms
min=38.032µs
max=12.03741ms
p50Nanos=347039
p95Nanos=1215215
p99Nanos=2087368
p999Nanos=4133905
minNanos=38032
maxNanos=12037410
