gomaxprocs=12
requests=270907
failures=0
elapsed=5.001845638s
requestsPerSecond=54161.41
p50=338.505µs
p95=1.179984ms
p99=2.039063ms
p999=4.481526ms
min=38.812µs
max=52.660619ms
p50Nanos=338505
p95Nanos=1179984
p99Nanos=2039063
p999Nanos=4481526
minNanos=38812
maxNanos=52660619
