gomaxprocs=12
requests=19066
failures=0
elapsed=5.000201373s
requestsPerSecond=3813.05
p50=247.356µs
p95=359.575µs
p99=441.574µs
p999=847.046µs
min=130.222µs
max=5.190447ms
p50Nanos=247356
p95Nanos=359575
p99Nanos=441574
p999Nanos=847046
minNanos=130222
maxNanos=5190447
