gomaxprocs=12
requests=433057
failures=0
elapsed=5.009907138s
requestsPerSecond=86440.13
p50=1.47505ms
p95=6.884609ms
p99=11.376883ms
p999=16.857814ms
min=41.635µs
max=37.313365ms
p50Nanos=1475050
p95Nanos=6884609
p99Nanos=11376883
p999Nanos=16857814
minNanos=41635
maxNanos=37313365
