gomaxprocs=12
requests=130676
failures=0
elapsed=5.002944923s
requestsPerSecond=26119.82
p50=646.431µs
p95=2.506149ms
p99=5.498268ms
p999=14.282694ms
min=77.932µs
max=29.391484ms
p50Nanos=646431
p95Nanos=2506149
p99Nanos=5498268
p999Nanos=14282694
minNanos=77932
maxNanos=29391484
