gomaxprocs=12
requests=241324
failures=0
elapsed=5.007671144s
requestsPerSecond=48190.86
p50=375.343µs
p95=1.385374ms
p99=2.452915ms
p999=5.516299ms
min=40.924µs
max=13.323513ms
p50Nanos=375343
p95Nanos=1385374
p99Nanos=2452915
p999Nanos=5516299
minNanos=40924
maxNanos=13323513
