gomaxprocs=12
requests=148148
failures=0
elapsed=5.003113599s
requestsPerSecond=29611.16
p50=614.658µs
p95=2.209776ms
p99=4.014053ms
p999=7.336831ms
min=71.124µs
max=18.241821ms
p50Nanos=614658
p95Nanos=2209776
p99Nanos=4014053
p999Nanos=7336831
minNanos=71124
maxNanos=18241821
