gomaxprocs=12
requests=541
failures=0
elapsed=4.039727304s
requestsPerSecond=133.92
p50=44.026036ms
p95=48.05769ms
p99=48.13672ms
p999=48.292009ms
min=41.146002ms
max=48.292009ms
