gomaxprocs=12
requests=4320
failures=0
elapsed=4.040404827s
requestsPerSecond=1069.20
p50=44.064616ms
p95=48.118988ms
p99=48.36005ms
p999=49.821489ms
min=41.876204ms
max=49.891008ms
