gomaxprocs=12
requests=15972
failures=0
elapsed=4.000133123s
requestsPerSecond=3992.87
p50=225.013µs
p95=403.53µs
p99=875.461µs
p999=2.253866ms
min=44.79µs
max=6.368295ms
