gomaxprocs=12
requests=361606
failures=0
elapsed=4.003427724s
requestsPerSecond=90324.10
p50=373.324µs
p95=1.638494ms
p99=2.477036ms
p999=5.303519ms
min=41.624µs
max=10.404231ms
