gomaxprocs=12
requests=485180
failures=0
elapsed=4.003104163s
requestsPerSecond=121200.94
p50=1.031788ms
p95=4.924323ms
p99=7.352342ms
p999=10.661258ms
min=48.322µs
max=27.660523ms
