gomaxprocs=12
requests=421560
failures=0
elapsed=4.003869426s
requestsPerSecond=105288.15
p50=578.437µs
p95=2.943787ms
p99=4.655545ms
p999=7.734415ms
min=43.533µs
max=27.460166ms
