gomaxprocs=12
requests=1069
failures=0
elapsed=4.036304086s
requestsPerSecond=264.85
p50=44.114807ms
p95=48.212451ms
p99=48.404306ms
p999=48.530654ms
min=42.382799ms
max=48.635512ms
