gomaxprocs=12
requests=17204
failures=0
elapsed=4.039309059s
requestsPerSecond=4259.14
p50=44.072382ms
p95=48.204455ms
p99=48.719981ms
p999=51.211223ms
min=241.121µs
max=52.44795ms
