gomaxprocs=12
requests=22459
failures=0
elapsed=4.000095166s
requestsPerSecond=5614.62
p50=173.65µs
p95=226.262µs
p99=279.773µs
p999=495.414µs
min=104.24µs
max=1.611377ms
