gomaxprocs=12
requests=90
failures=0
elapsed=4.003715791s
requestsPerSecond=22.48
p50=44.023527ms
p95=47.972144ms
p99=48.049144ms
p999=48.049144ms
min=43.566241ms
max=48.049144ms
