gomaxprocs=12
requests=410865
failures=0
elapsed=4.002377429s
requestsPerSecond=102655.24
p50=600.943µs
p95=3.119384ms
p99=4.921429ms
p999=7.648684ms
min=35.263µs
max=11.41196ms
