gomaxprocs=12
requests=264853
failures=0
elapsed=4.001894967s
requestsPerSecond=66181.90
p50=493.834µs
p95=2.329919ms
p99=3.880342ms
p999=6.72657ms
min=39.117µs
max=11.003917ms
