gomaxprocs=12
requests=471867
failures=0
elapsed=4.002620923s
requestsPerSecond=117889.51
p50=1.0366ms
p95=5.132926ms
p99=7.740085ms
p999=11.893242ms
min=46.701µs
max=31.376825ms
