gomaxprocs=12
requests=399377
failures=0
elapsed=4.002579688s
requestsPerSecond=99779.90
p50=326.935µs
p95=1.532343ms
p99=2.361623ms
p999=4.352817ms
min=31.874µs
max=8.620334ms
