gomaxprocs=12
requests=21513
failures=0
elapsed=4.000185878s
requestsPerSecond=5378.00
p50=176.002µs
p95=250.391µs
p99=348.145µs
p999=824.906µs
min=65.117µs
max=2.745413ms
