gomaxprocs=12
requests=229236
failures=0
elapsed=4.0014004s
requestsPerSecond=57288.94
p50=315.053µs
p95=1.153754ms
p99=2.181812ms
p999=4.896245ms
min=37.328µs
max=18.381301ms
