gomaxprocs=12
requests=103893
failures=0
elapsed=4.000809132s
requestsPerSecond=25968.00
p50=210.269µs
p95=373.148µs
p99=670.968µs
p999=1.552292ms
min=56.438µs
max=6.518782ms
