gomaxprocs=12
requests=4285
failures=0
elapsed=4.043787561s
requestsPerSecond=1059.65
p50=44.094558ms
p95=48.269421ms
p99=49.391282ms
p999=50.015662ms
min=41.616788ms
max=53.420259ms
