gomaxprocs=12
requests=89407
failures=0
elapsed=4.000327671s
requestsPerSecond=22349.92
p50=230.721µs
p95=498.297µs
p99=1.043239ms
p999=2.501667ms
min=49.064µs
max=5.416987ms
