gomaxprocs=12
requests=90
failures=0
elapsed=4.028017681s
requestsPerSecond=22.34
p50=44.018611ms
p95=48.074613ms
p99=48.220022ms
p999=48.220022ms
min=43.79012ms
max=48.220022ms
