gomaxprocs=12
requests=512303
failures=0
elapsed=4.003551179s
requestsPerSecond=127962.15
p50=978.848µs
p95=4.705663ms
p99=6.995915ms
p999=11.199954ms
min=36.698µs
max=19.076117ms
