gomaxprocs=12
requests=8623
failures=0
elapsed=4.040041031s
requestsPerSecond=2134.38
p50=44.060014ms
p95=48.154518ms
p99=48.491412ms
p999=48.913977ms
min=41.57424ms
max=49.603776ms
