gomaxprocs=12
requests=2160
failures=0
elapsed=4.032321711s
requestsPerSecond=535.67
p50=44.061172ms
p95=48.053647ms
p99=48.209096ms
p999=48.283019ms
min=42.376444ms
max=48.333601ms
