gomaxprocs=12
requests=170292
failures=0
elapsed=4.001107166s
requestsPerSecond=42561.22
p50=246.273µs
p95=556.711µs
p99=995.568µs
p999=1.73483ms
min=40.99µs
max=4.156788ms
