gomaxprocs=12
requests=108068
failures=0
elapsed=4.000686015s
requestsPerSecond=27012.37
p50=205.165µs
p95=356.274µs
p99=630.974µs
p999=1.11431ms
min=46.851µs
max=2.43601ms
