gomaxprocs=12
requests=159327
failures=0
elapsed=4.000938196s
requestsPerSecond=39822.41
p50=258.408µs
p95=621.949µs
p99=1.103097ms
p999=2.165263ms
min=42.91µs
max=15.488977ms
