gomaxprocs=12
requests=1080
failures=0
elapsed=4.036177142s
requestsPerSecond=267.58
p50=44.060331ms
p95=48.077327ms
p99=48.403317ms
p999=48.581619ms
min=42.895796ms
max=48.588352ms
