gomaxprocs=12
requests=16987
failures=0
elapsed=4.042630944s
requestsPerSecond=4201.97
p50=44.196976ms
p95=48.386114ms
p99=50.485487ms
p999=52.912059ms
min=2.628822ms
max=56.41104ms
