gomaxprocs=12
requests=48153
failures=0
elapsed=5.000995323s
requestsPerSecond=9628.68
p50=840.217µs
p95=3.827942ms
p99=6.83534ms
p999=13.473722ms
min=101.219µs
max=28.736336ms
p50Nanos=840217
p95Nanos=3827942
p99Nanos=6835340
p999Nanos=13473722
minNanos=101219
maxNanos=28736336
