gomaxprocs=12
requests=227211
failures=0
elapsed=5.002623973s
requestsPerSecond=45418.36
p50=1.289777ms
p95=7.137239ms
p99=12.543643ms
p999=22.921062ms
min=36.215µs
max=52.055753ms
p50Nanos=1289777
p95Nanos=7137239
p99Nanos=12543643
p999Nanos=22921062
minNanos=36215
maxNanos=52055753
