gomaxprocs=12
requests=233518
failures=0
elapsed=5.016476513s
requestsPerSecond=46550.20
p50=685.576µs
p95=3.193947ms
p99=6.015506ms
p999=12.191643ms
min=37.846µs
max=16.943905ms
p50Nanos=685576
p95Nanos=3193947
p99Nanos=6015506
p999Nanos=12191643
minNanos=37846
maxNanos=16943905
