gomaxprocs=12
requests=108554
failures=0
elapsed=5.002396707s
requestsPerSecond=21700.40
p50=409.499µs
p95=1.391873ms
p99=3.378309ms
p999=8.868577ms
min=41.913µs
max=24.984506ms
p50Nanos=409499
p95Nanos=1391873
p99Nanos=3378309
p999Nanos=8868577
minNanos=41913
maxNanos=24984506
