gomaxprocs=12
requests=69938
failures=0
elapsed=5.000946717s
requestsPerSecond=13984.95
p50=439.344µs
p95=3.113383ms
p99=8.179389ms
p999=18.868509ms
min=41.339µs
max=45.646852ms
p50Nanos=439344
p95Nanos=3113383
p99Nanos=8179389
p999Nanos=18868509
minNanos=41339
maxNanos=45646852
