gomaxprocs=12
requests=239987
failures=0
elapsed=5.009057731s
requestsPerSecond=47910.61
p50=645.217µs
p95=3.037359ms
p99=5.913479ms
p999=16.980399ms
min=41.609µs
max=61.880749ms
p50Nanos=645217
p95Nanos=3037359
p99Nanos=5913479
p999Nanos=16980399
minNanos=41609
maxNanos=61880749
