gomaxprocs=12
requests=81436
failures=0
elapsed=2.000737746s
requestsPerSecond=40702.99
p50=244.593µs
p95=656.094µs
p99=1.156929ms
p999=2.135963ms
min=38.707µs
max=6.445911ms
