gomaxprocs=12
requests=17393
failures=0
elapsed=5.000101062s
requestsPerSecond=3478.53
p50=269.993µs
p95=393.138µs
p99=495.168µs
p999=903.015µs
min=170.019µs
max=3.464768ms
p50Nanos=269993
p95Nanos=393138
p99Nanos=495168
p999Nanos=903015
minNanos=170019
maxNanos=3464768
