gomaxprocs=12
requests=56559
failures=0
elapsed=5.00133139s
requestsPerSecond=11308.79
p50=938.748µs
p95=1.946961ms
p99=3.112627ms
p999=5.381736ms
min=359.696µs
max=12.809946ms
p50Nanos=938748
p95Nanos=1946961
p99Nanos=3112627
p999Nanos=5381736
minNanos=359696
maxNanos=12809946
