gomaxprocs=12
requests=383919
failures=0
elapsed=5.004567793s
requestsPerSecond=76713.72
p50=1.667923ms
p95=7.445309ms
p99=12.689973ms
p999=30.449447ms
min=49.421µs
max=94.728314ms
p50Nanos=1667923
p95Nanos=7445309
p99Nanos=12689973
p999Nanos=30449447
minNanos=49421
maxNanos=94728314
