gomaxprocs=12
requests=55294
failures=0
elapsed=5.006340683s
requestsPerSecond=11044.79
p50=1.90136ms
p95=4.566843ms
p99=7.106056ms
p999=10.497475ms
min=344.238µs
max=17.676509ms
p50Nanos=1901360
p95Nanos=4566843
p99Nanos=7106056
p999Nanos=10497475
minNanos=344238
maxNanos=17676509
