gomaxprocs=12
requests=69132
failures=0
elapsed=5.003177685s
requestsPerSecond=13817.62
p50=6.29311ms
p95=14.20463ms
p99=19.303779ms
p999=28.30135ms
min=400.787µs
max=45.920995ms
p50Nanos=6293110
p95Nanos=14204630
p99Nanos=19303779
p999Nanos=28301350
minNanos=400787
maxNanos=45920995
