gomaxprocs=12
requests=173432
failures=0
elapsed=5.003192502s
requestsPerSecond=34664.27
p50=4.839521ms
p95=13.246927ms
p99=18.9701ms
p999=28.855967ms
min=146.713µs
max=47.115928ms
p50Nanos=4839521
p95Nanos=13246927
p99Nanos=18970100
p999Nanos=28855967
minNanos=146713
maxNanos=47115928
