gomaxprocs=12
requests=69167
failures=0
elapsed=5.001021677s
requestsPerSecond=13830.57
p50=621.009µs
p95=2.184696ms
p99=5.205941ms
p999=13.21932ms
min=129.745µs
max=32.137355ms
p50Nanos=621009
p95Nanos=2184696
p99Nanos=5205941
p999Nanos=13219320
minNanos=129745
maxNanos=32137355
