gomaxprocs=12
requests=45466
failures=0
elapsed=5.001906827s
requestsPerSecond=9089.73
p50=985.466µs
p95=3.411401ms
p99=5.685796ms
p999=10.91017ms
min=113.087µs
max=23.298282ms
p50Nanos=985466
p95Nanos=3411401
p99Nanos=5685796
p999Nanos=10910170
minNanos=113087
maxNanos=23298282
