gomaxprocs=12
requests=171033
failures=0
elapsed=5.008628071s
requestsPerSecond=34147.67
p50=859.764µs
p95=4.352276ms
p99=6.671436ms
p999=10.012116ms
min=47.211µs
max=14.59024ms
p50Nanos=859764
p95Nanos=4352276
p99Nanos=6671436
p999Nanos=10012116
minNanos=47211
maxNanos=14590240
