gomaxprocs=12
requests=21898
failures=0
elapsed=5.002762784s
requestsPerSecond=4377.18
p50=2.17211ms
p95=6.741139ms
p99=10.802795ms
p999=18.176408ms
min=221.054µs
max=39.475391ms
p50Nanos=2172110
p95Nanos=6741139
p99Nanos=10802795
p999Nanos=18176408
minNanos=221054
maxNanos=39475391
