gomaxprocs=12
requests=119246
failures=0
elapsed=5.003971541s
requestsPerSecond=23830.27
p50=355.852µs
p95=1.259221ms
p99=3.056333ms
p999=8.742124ms
min=40.981µs
max=30.249894ms
p50Nanos=355852
p95Nanos=1259221
p99Nanos=3056333
p999Nanos=8742124
minNanos=40981
maxNanos=30249894
