gomaxprocs=12
requests=53179
failures=0
elapsed=5.004694572s
requestsPerSecond=10625.82
p50=2.592282ms
p95=14.290258ms
p99=21.472483ms
p999=31.853155ms
min=118.91µs
max=56.621772ms
p50Nanos=2592282
p95Nanos=14290258
p99Nanos=21472483
p999Nanos=31853155
minNanos=118910
maxNanos=56621772
