gomaxprocs=12
requests=22859
failures=0
elapsed=5.001532485s
requestsPerSecond=4570.40
p50=2.139909ms
p95=6.220272ms
p99=9.02879ms
p999=14.185452ms
min=312.59µs
max=23.429602ms
p50Nanos=2139909
p95Nanos=6220272
p99Nanos=9028790
p999Nanos=14185452
minNanos=312590
maxNanos=23429602
