gomaxprocs=12
requests=287330
failures=0
elapsed=5.004570587s
requestsPerSecond=57413.52
p50=1.888943ms
p95=10.721057ms
p99=17.850893ms
p999=35.151243ms
min=45.267µs
max=78.138155ms
p50Nanos=1888943
p95Nanos=10721057
p99Nanos=17850893
p999Nanos=35151243
minNanos=45267
maxNanos=78138155
