gomaxprocs=12
requests=92416
failures=0
elapsed=5.000871221s
requestsPerSecond=18479.98
p50=261.719µs
p95=659.677µs
p99=1.462374ms
p999=5.359558ms
min=43.213µs
max=14.44836ms
p50Nanos=261719
p95Nanos=659677
p99Nanos=1462374
p999Nanos=5359558
minNanos=43213
maxNanos=14448360
