gomaxprocs=12
requests=32282
failures=0
elapsed=5.00079278s
requestsPerSecond=6455.38
p50=687.11µs
p95=2.361826ms
p99=5.277775ms
p999=12.977479ms
min=117.29µs
max=29.531318ms
p50Nanos=687110
p95Nanos=2361826
p99Nanos=5277775
p999Nanos=12977479
minNanos=117290
maxNanos=29531318
