gomaxprocs=12
requests=19243
failures=0
elapsed=5.000596386s
requestsPerSecond=3848.14
p50=1.241941ms
p95=3.566952ms
p99=6.494057ms
p999=13.358415ms
min=299.802µs
max=22.863987ms
p50Nanos=1241941
p95Nanos=3566952
p99Nanos=6494057
p999Nanos=13358415
minNanos=299802
maxNanos=22863987
