gomaxprocs=12
requests=48378
failures=0
elapsed=5.0015924s
requestsPerSecond=9672.52
p50=948.99µs
p95=3.03963ms
p99=4.861616ms
p999=9.46513ms
min=117.753µs
max=30.697377ms
p50Nanos=948990
p95Nanos=3039630
p99Nanos=4861616
p999Nanos=9465130
minNanos=117753
maxNanos=30697377
