gomaxprocs=12
requests=21751
failures=0
elapsed=5.008059358s
requestsPerSecond=4343.20
p50=7.702ms
p95=32.979411ms
p99=52.386807ms
p999=79.643799ms
min=308.777µs
max=138.951662ms
p50Nanos=7702000
p95Nanos=32979411
p99Nanos=52386807
p999Nanos=79643799
minNanos=308777
maxNanos=138951662
