gomaxprocs=12
requests=228690
failures=0
elapsed=5.0014617s
requestsPerSecond=45724.63
p50=324.243µs
p95=1.635061ms
p99=3.159717ms
p999=8.711333ms
min=39.12µs
max=37.897094ms
p50Nanos=324243
p95Nanos=1635061
p99Nanos=3159717
p999Nanos=8711333
minNanos=39120
maxNanos=37897094
