gomaxprocs=12
requests=182790
failures=0
elapsed=5.0015787s
requestsPerSecond=36546.46
p50=416.811µs
p95=2.115197ms
p99=4.256908ms
p999=8.094381ms
min=37.876µs
max=20.296481ms
p50Nanos=416811
p95Nanos=2115197
p99Nanos=4256908
p999Nanos=8094381
minNanos=37876
maxNanos=20296481
