gomaxprocs=12
requests=10426
failures=0
elapsed=5.035871411s
requestsPerSecond=2070.35
p50=44.37564ms
p95=51.356389ms
p99=63.239492ms
p999=88.301348ms
min=2.25216ms
max=88.91567ms
p50Nanos=44375640
p95Nanos=51356389
p99Nanos=63239492
p999Nanos=88301348
minNanos=2252160
maxNanos=88915670
