gomaxprocs=12
requests=14145
failures=0
elapsed=5.000637278s
requestsPerSecond=2828.64
p50=281.517µs
p95=680.558µs
p99=1.88236ms
p999=5.984728ms
min=41.133µs
max=16.469703ms
p50Nanos=281517
p95Nanos=680558
p99Nanos=1882360
p999Nanos=5984728
minNanos=41133
maxNanos=16469703
