gomaxprocs=12
requests=308679
failures=0
elapsed=5.002819605s
requestsPerSecond=61701.01
p50=1.025896ms
p95=5.003198ms
p99=9.090859ms
p999=15.636302ms
min=44.764µs
max=33.063972ms
p50Nanos=1025896
p95Nanos=5003198
p99Nanos=9090859
p999Nanos=15636302
minNanos=44764
maxNanos=33063972
