gomaxprocs=12
requests=69043
failures=0
elapsed=5.003300366s
requestsPerSecond=13799.49
p50=301.308µs
p95=939.172µs
p99=3.800782ms
p999=9.715088ms
min=43.791µs
max=22.813153ms
p50Nanos=301308
p95Nanos=939172
p99Nanos=3800782
p999Nanos=9715088
minNanos=43791
maxNanos=22813153
