gomaxprocs=12
requests=119762
failures=0
elapsed=5.001652688s
requestsPerSecond=23944.49
p50=380.637µs
p95=1.240439ms
p99=2.824285ms
p999=6.060993ms
min=34.754µs
max=12.304966ms
p50Nanos=380637
p95Nanos=1240439
p99Nanos=2824285
p999Nanos=6060993
minNanos=34754
maxNanos=12304966
