gomaxprocs=12
requests=372877
failures=0
elapsed=5.00377456s
requestsPerSecond=74519.14
p50=1.747161ms
p95=8.137133ms
p99=12.537833ms
p999=22.069522ms
min=40.258µs
max=30.53262ms
p50Nanos=1747161
p95Nanos=8137133
p99Nanos=12537833
p999Nanos=22069522
minNanos=40258
maxNanos=30532620
