gomaxprocs=12
requests=146548
failures=0
elapsed=5.001255523s
requestsPerSecond=29302.24
p50=340.993µs
p95=903.193µs
p99=1.756598ms
p999=4.181369ms
min=40.413µs
max=17.016661ms
p50Nanos=340993
p95Nanos=903193
p99Nanos=1756598
p999Nanos=4181369
minNanos=40413
maxNanos=17016661
