gomaxprocs=12
requests=295544
failures=0
elapsed=5.005137796s
requestsPerSecond=59048.12
p50=2.086093ms
p95=10.451353ms
p99=17.824162ms
p999=31.658204ms
min=48.002µs
max=69.702689ms
p50Nanos=2086093
p95Nanos=10451353
p99Nanos=17824162
p999Nanos=31658204
minNanos=48002
maxNanos=69702689
