gomaxprocs=12
requests=195309
failures=0
elapsed=5.002622929s
requestsPerSecond=39041.32
p50=2.128763ms
p95=5.893094ms
p99=9.360428ms
p999=15.215924ms
min=124.797µs
max=29.021166ms
p50Nanos=2128763
p95Nanos=5893094
p99Nanos=9360428
p999Nanos=15215924
minNanos=124797
maxNanos=29021166
