gomaxprocs=12
requests=134299
failures=0
elapsed=5.002700574s
requestsPerSecond=26845.30
p50=748.981µs
p95=2.059865ms
p99=3.806165ms
p999=6.652869ms
min=111.654µs
max=11.270288ms
p50Nanos=748981
p95Nanos=2059865
p99Nanos=3806165
p999Nanos=6652869
minNanos=111654
maxNanos=11270288
