gomaxprocs=12
requests=368261
failures=0
elapsed=5.00571461s
requestsPerSecond=73568.12
p50=1.860421ms
p95=7.830992ms
p99=12.223482ms
p999=19.48068ms
min=37.498µs
max=40.691892ms
p50Nanos=1860421
p95Nanos=7830992
p99Nanos=12223482
p999Nanos=19480680
minNanos=37498
maxNanos=40691892
