gomaxprocs=12
requests=41391
failures=0
elapsed=5.000723224s
requestsPerSecond=8277.00
p50=623.162µs
p95=1.157068ms
p99=2.131092ms
p999=9.871629ms
min=317.34µs
max=38.799493ms
p50Nanos=623162
p95Nanos=1157068
p99Nanos=2131092
p999Nanos=9871629
minNanos=317340
maxNanos=38799493
