gomaxprocs=12
requests=18243
failures=0
elapsed=5.000308732s
requestsPerSecond=3648.37
p50=263.18µs
p95=353.799µs
p99=422.819µs
p999=739.479µs
min=162.87µs
max=2.120881ms
p50Nanos=263180
p95Nanos=353799
p99Nanos=422819
p999Nanos=739479
minNanos=162870
maxNanos=2120881
