gomaxprocs=12
requests=23
failures=0
elapsed=1.028161988s
requestsPerSecond=22.37
p50=44.037418ms
p95=48.021586ms
p99=48.160296ms
p999=48.160296ms
min=43.850719ms
max=48.160296ms
p50Nanos=44037418
p95Nanos=48021586
p99Nanos=48160296
p999Nanos=48160296
minNanos=43850719
maxNanos=48160296
