gomaxprocs=12
requests=15411
failures=0
elapsed=1.000466547s
requestsPerSecond=15403.81
p50=503.168µs
p95=2.085386ms
p99=6.108077ms
p999=16.423406ms
min=55.559µs
max=42.783162ms
p50Nanos=503168
p95Nanos=2085386
p99Nanos=6108077
p999Nanos=16423406
minNanos=55559
maxNanos=42783162
