gomaxprocs=12
requests=274
failures=0
elapsed=1.043963737s
requestsPerSecond=262.46
p50=44.500528ms
p95=49.304202ms
p99=58.321223ms
p999=59.140345ms
min=1.970135ms
max=59.140345ms
p50Nanos=44500528
p95Nanos=49304202
p99Nanos=58321223
p999Nanos=59140345
minNanos=1970135
maxNanos=59140345
