gomaxprocs=12
requests=1356
failures=0
elapsed=5.036205162s
requestsPerSecond=269.25
p50=44.014202ms
p95=48.023902ms
p99=48.379893ms
p999=51.663104ms
min=42.548547ms
max=51.796338ms
p50Nanos=44014202
p95Nanos=48023902
p99Nanos=48379893
p999Nanos=51663104
minNanos=42548547
maxNanos=51796338
