gomaxprocs=12
requests=10784
failures=0
elapsed=5.047578897s
requestsPerSecond=2136.47
p50=44.050286ms
p95=48.128105ms
p99=48.346458ms
p999=49.103014ms
min=1.731039ms
max=49.708606ms
p50Nanos=44050286
p95Nanos=48128105
p99Nanos=48346458
p999Nanos=49103014
minNanos=1731039
maxNanos=49708606
