gomaxprocs=12
requests=70483
failures=0
elapsed=5.004412644s
requestsPerSecond=14084.17
p50=3.178151ms
p95=6.783498ms
p99=9.223119ms
p999=12.583824ms
min=366.571µs
max=24.361894ms
p50Nanos=3178151
p95Nanos=6783498
p99Nanos=9223119
p999Nanos=12583824
minNanos=366571
maxNanos=24361894
