gomaxprocs=12
requests=142054
failures=0
elapsed=5.003167236s
requestsPerSecond=28392.81
p50=1.362152ms
p95=4.369526ms
p99=6.907224ms
p999=12.010157ms
min=120.216µs
max=22.075529ms
p50Nanos=1362152
p95Nanos=4369526
p99Nanos=6907224
p999Nanos=12010157
minNanos=120216
maxNanos=22075529
