gomaxprocs=12
requests=162409
failures=0
elapsed=5.001703516s
requestsPerSecond=32470.74
p50=1.224351ms
p95=3.64893ms
p99=5.914563ms
p999=11.712359ms
min=113.302µs
max=24.348468ms
p50Nanos=1224351
p95Nanos=3648930
p99Nanos=5914563
p999Nanos=11712359
minNanos=113302
maxNanos=24348468
