gomaxprocs=12
requests=183896
failures=0
elapsed=5.002628911s
requestsPerSecond=36759.87
p50=2.277788ms
p95=6.261005ms
p99=9.598745ms
p999=17.410324ms
min=126.635µs
max=39.57031ms
p50Nanos=2277788
p95Nanos=6261005
p99Nanos=9598745
p999Nanos=17410324
minNanos=126635
maxNanos=39570310
