gomaxprocs=12
requests=187358
failures=0
elapsed=5.002804943s
requestsPerSecond=37450.59
p50=2.23804ms
p95=6.069107ms
p99=9.125397ms
p999=14.764083ms
min=111.412µs
max=21.574639ms
p50Nanos=2238040
p95Nanos=6069107
p99Nanos=9125397
p999Nanos=14764083
minNanos=111412
maxNanos=21574639
