gomaxprocs=12
requests=22239
failures=0
elapsed=5.000611595s
requestsPerSecond=4447.26
p50=889.373µs
p95=4.271551ms
p99=7.589823ms
p999=13.462271ms
min=331.41µs
max=21.45701ms
p50Nanos=889373
p95Nanos=4271551
p99Nanos=7589823
p999Nanos=13462271
minNanos=331410
maxNanos=21457010
