gomaxprocs=12
requests=480527
failures=0
elapsed=4.002609425s
requestsPerSecond=120053.43
p50=532.064µs
p95=2.551778ms
p99=3.870259ms
p999=5.861757ms
min=37.717µs
max=11.208791ms
