gomaxprocs=12
requests=388660
failures=0
elapsed=4.004245255s
requestsPerSecond=97061.99
p50=638.456µs
p95=3.26738ms
p99=5.781196ms
p999=8.745104ms
min=35.28µs
max=22.067721ms
