gomaxprocs=12
requests=1069
failures=0
elapsed=4.016133036s
requestsPerSecond=266.18
p50=44.059225ms
p95=48.164458ms
p99=49.149816ms
p999=51.994747ms
min=42.667895ms
max=52.023721ms
