gomaxprocs=12
requests=22271
failures=0
elapsed=4.000043758s
requestsPerSecond=5567.69
p50=174.397µs
p95=227.487µs
p99=278.136µs
p999=435.215µs
min=107.901µs
max=1.449185ms
