gomaxprocs=12
requests=170211
failures=0
elapsed=4.001591648s
requestsPerSecond=42535.82
p50=244.782µs
p95=573.696µs
p99=1.04543ms
p999=1.672908ms
min=40.456µs
max=4.62847ms
