gomaxprocs=12
requests=90
failures=0
elapsed=4.016026974s
requestsPerSecond=22.41
p50=44.009518ms
p95=48.052536ms
p99=48.164204ms
p999=48.164204ms
min=43.436336ms
max=48.164204ms
