gomaxprocs=12
requests=90
failures=0
elapsed=4.027961388s
requestsPerSecond=22.34
p50=44.024854ms
p95=48.033688ms
p99=48.151677ms
p999=48.151677ms
min=43.596889ms
max=48.151677ms
