gomaxprocs=12
requests=540
failures=0
elapsed=4.028251551s
requestsPerSecond=134.05
p50=44.02486ms
p95=48.022115ms
p99=48.095244ms
p999=48.196872ms
min=43.468452ms
max=48.196872ms
