gomaxprocs=12
requests=268579
failures=0
elapsed=4.002462464s
requestsPerSecond=67103.44
p50=291.431µs
p95=919.168µs
p99=1.494513ms
p999=2.69433ms
min=36.76µs
max=7.527573ms
