gomaxprocs=12
requests=270432
failures=0
elapsed=4.002092245s
requestsPerSecond=67572.66
p50=288.51µs
p95=921.189µs
p99=1.467144ms
p999=2.582654ms
min=34.25µs
max=5.875049ms
