gomaxprocs=12
requests=17057
failures=0
elapsed=4.044017162s
requestsPerSecond=4217.84
p50=44.185394ms
p95=48.435016ms
p99=49.771306ms
p999=52.026117ms
min=179.394µs
max=55.65617ms
