gomaxprocs=12
requests=2159
failures=0
elapsed=4.027949703s
requestsPerSecond=536.00
p50=44.049164ms
p95=48.058053ms
p99=48.873738ms
p999=51.939264ms
min=42.932497ms
max=52.064771ms
