gomaxprocs=12
requests=366637
failures=0
elapsed=4.003299897s
requestsPerSecond=91583.70
p50=671.754µs
p95=3.427176ms
p99=5.674252ms
p999=10.240221ms
min=44.601µs
max=26.821427ms
