gomaxprocs=12
requests=163565
failures=0
elapsed=4.001130051s
requestsPerSecond=40879.70
p50=257.417µs
p95=573.305µs
p99=1.007306ms
p999=1.892389ms
min=44.559µs
max=8.067507ms
