gomaxprocs=12
requests=253929
failures=0
elapsed=4.001363019s
requestsPerSecond=63460.63
p50=308.924µs
p95=952.577µs
p99=1.550949ms
p999=3.482841ms
min=40.003µs
max=10.808162ms
