gomaxprocs=12
requests=105349
failures=0
elapsed=4.000453755s
requestsPerSecond=26334.26
p50=210.355µs
p95=361.397µs
p99=634.861µs
p999=1.301008ms
min=55.348µs
max=4.502622ms
