gomaxprocs=12
requests=310781
failures=0
elapsed=4.002767451s
requestsPerSecond=77641.53
p50=436.897µs
p95=1.862234ms
p99=3.159859ms
p999=6.140667ms
min=41.719µs
max=11.738006ms
