gomaxprocs=12
requests=439835
failures=0
elapsed=4.003373815s
requestsPerSecond=109866.08
p50=1.152796ms
p95=5.581207ms
p99=8.702171ms
p999=13.681862ms
min=36.729µs
max=38.162933ms
