gomaxprocs=12
requests=107114
failures=0
elapsed=4.000729109s
requestsPerSecond=26773.62
p50=208.337µs
p95=353.112µs
p99=589.756µs
p999=1.065854ms
min=46.949µs
max=2.910053ms
