gomaxprocs=12
requests=22077
failures=0
elapsed=4.000158747s
requestsPerSecond=5519.03
p50=175.665µs
p95=227.291µs
p99=278.826µs
p999=479.786µs
min=107.496µs
max=4.666758ms
