gomaxprocs=12
requests=8646
failures=0
elapsed=4.04395933s
requestsPerSecond=2138.00
p50=44.054785ms
p95=48.059569ms
p99=48.228529ms
p999=48.439133ms
min=41.661971ms
max=51.920389ms
