gomaxprocs=12
requests=372209
failures=0
elapsed=4.002283488s
requestsPerSecond=92999.16
p50=358.71µs
p95=1.61991ms
p99=2.368278ms
p999=3.857656ms
min=40.414µs
max=7.579667ms
