gomaxprocs=12
requests=145413
failures=0
elapsed=4.001589604s
requestsPerSecond=36338.81
p50=267.033µs
p95=763.498µs
p99=1.222045ms
p999=2.332255ms
min=41.043µs
max=7.52794ms
