gomaxprocs=12
requests=264353
failures=0
elapsed=4.003136213s
requestsPerSecond=66036.47
p50=753.751µs
p95=4.798658ms
p99=6.99439ms
p999=10.512086ms
min=42.93µs
max=16.432899ms
