gomaxprocs=12
requests=231070
failures=0
elapsed=4.006322126s
requestsPerSecond=57676.34
p50=1.645939ms
p95=11.275101ms
p99=17.166433ms
p999=25.219037ms
min=46.912µs
max=46.5569ms
