gomaxprocs=12
requests=78467
failures=0
elapsed=4.000746634s
requestsPerSecond=19613.09
p50=247.444µs
p95=659.303µs
p99=1.329729ms
p999=3.614884ms
min=49.986µs
max=9.289385ms
