gomaxprocs=12
requests=93945
failures=0
elapsed=4.000566626s
requestsPerSecond=23482.92
p50=220.715µs
p95=501.789µs
p99=861.073µs
p999=1.741421ms
min=40.554µs
max=10.898545ms
