gomaxprocs=12
requests=127281
failures=0
elapsed=4.002092431s
requestsPerSecond=31803.61
p50=282.817µs
p95=915.557µs
p99=1.928151ms
p999=5.541963ms
min=39.335µs
max=23.098768ms
