gomaxprocs=12
requests=84435
failures=0
elapsed=4.011187337s
requestsPerSecond=21049.88
p50=2.149343ms
p95=33.817717ms
p99=52.767876ms
p999=79.920976ms
min=112.348µs
max=153.515245ms
