gomaxprocs=12
requests=18837
failures=0
elapsed=4.000270853s
requestsPerSecond=4708.93
p50=190.672µs
p95=309.095µs
p99=489.415µs
p999=1.539097ms
min=59.425µs
max=17.061754ms
