gomaxprocs=12
requests=299095
failures=0
elapsed=4.001424513s
requestsPerSecond=74747.13
p50=336.908µs
p95=2.18277ms
p99=3.480723ms
p999=5.471733ms
min=38.405µs
max=9.157365ms
