gomaxprocs=12
requests=185792
failures=0
elapsed=4.003822799s
requestsPerSecond=46403.65
p50=506.323µs
p95=3.556617ms
p99=6.75795ms
p999=20.737171ms
min=37.685µs
max=52.05451ms
