gomaxprocs=12
requests=176516
failures=0
elapsed=4.002772152s
requestsPerSecond=44098.44
p50=314.103µs
p95=1.835706ms
p99=3.63324ms
p999=7.733474ms
min=39.056µs
max=14.209341ms
