gomaxprocs=12
requests=61922
failures=0
elapsed=4.003305419s
requestsPerSecond=15467.72
p50=1.549936ms
p95=9.415765ms
p99=13.915286ms
p999=20.846106ms
min=129.968µs
max=36.374069ms
