gomaxprocs=12
requests=45107
failures=0
elapsed=4.000768307s
requestsPerSecond=11274.58
p50=512.618µs
p95=922.535µs
p99=1.281149ms
p999=2.872395ms
min=114.321µs
max=11.074643ms
