gomaxprocs=12
requests=202742
failures=0
elapsed=4.001275158s
requestsPerSecond=50669.35
p50=282.001µs
p95=1.487387ms
p99=2.874351ms
p999=6.620676ms
min=37.134µs
max=18.561966ms
