gomaxprocs=12
requests=76979
failures=0
elapsed=4.017772739s
requestsPerSecond=19159.62
p50=3.02264ms
p95=37.008393ms
p99=59.429217ms
p999=96.88344ms
min=113.349µs
max=209.717218ms
