gomaxprocs=12
requests=214856
failures=0
elapsed=4.001104321s
requestsPerSecond=53699.17
p50=554.966µs
p95=2.675691ms
p99=3.921222ms
p999=6.53611ms
min=40.11µs
max=9.320056ms
