gomaxprocs=12
requests=15771
failures=0
elapsed=4.000107363s
requestsPerSecond=3942.64
p50=237.727µs
p95=372.827µs
p99=586.919µs
p999=821.434µs
min=134.043µs
max=3.356545ms
