gomaxprocs=12
requests=305847
failures=0
elapsed=4.005841645s
requestsPerSecond=76350.25
p50=1.349573ms
p95=8.345868ms
p99=12.771966ms
p999=20.18888ms
min=44.546µs
max=39.156017ms
