gomaxprocs=12
requests=95596
failures=0
elapsed=4.001474378s
requestsPerSecond=23890.19
p50=493.956µs
p95=3.440642ms
p99=8.235363ms
p999=25.433043ms
min=44.638µs
max=76.802691ms
