gomaxprocs=12
requests=207529
failures=0
elapsed=4.00182633s
requestsPerSecond=51858.57
p50=304.477µs
p95=1.381749ms
p99=2.116704ms
p999=4.304599ms
min=43.654µs
max=9.975859ms
