gomaxprocs=12
requests=50711
failures=0
elapsed=4.0011902s
requestsPerSecond=12673.98
p50=780.2µs
p95=2.113296ms
p99=3.204296ms
p999=6.044642ms
min=126.696µs
max=9.994786ms
