gomaxprocs=12
requests=98449
failures=0
elapsed=4.000824961s
requestsPerSecond=24607.18
p50=215.072µs
p95=452.124µs
p99=807.831µs
p999=1.856736ms
min=38.445µs
max=4.445446ms
