gomaxprocs=12
requests=289606
failures=0
elapsed=4.003194151s
requestsPerSecond=72343.73
p50=725.285µs
p95=4.206655ms
p99=6.416421ms
p999=10.046416ms
min=42.718µs
max=47.698252ms
