gomaxprocs=12
requests=145517
failures=0
elapsed=4.001354825s
requestsPerSecond=36366.93
p50=268.044µs
p95=766.427µs
p99=1.20736ms
p999=2.486953ms
min=42.995µs
max=5.393592ms
