gomaxprocs=12
requests=19800
failures=0
elapsed=4.000041146s
requestsPerSecond=4949.95
p50=178.3µs
p95=304.421µs
p99=584.53µs
p999=1.898624ms
min=51.827µs
max=6.75324ms
