gomaxprocs=12
requests=18257
failures=0
elapsed=4.00024912s
requestsPerSecond=4563.97
p50=195.723µs
p95=345.623µs
p99=644.026µs
p999=1.720879ms
min=42.436µs
max=3.681811ms
