gomaxprocs=12
requests=221038
failures=0
elapsed=4.001461321s
requestsPerSecond=55239.32
p50=543.645µs
p95=2.561215ms
p99=3.733892ms
p999=6.398671ms
min=43.561µs
max=9.49006ms
