gomaxprocs=12
requests=55294
failures=0
elapsed=4.002791014s
requestsPerSecond=13813.86
p50=1.942206ms
p95=10.519922ms
p99=15.298261ms
p999=22.315692ms
min=115.685µs
max=37.927772ms
