gomaxprocs=12
requests=89977
failures=0
elapsed=4.005603285s
requestsPerSecond=22462.78
p50=1.22413ms
p95=14.733909ms
p99=22.147171ms
p999=32.321888ms
min=104.871µs
max=62.456306ms
